наборы адсоткау для elGallo

65% 20% 5%
{"columnArrPercentsMain":[[2.5,2.06059,2.7,11.131842,6.395192,0.023704,8.400776,20.42907,20.485,10.446488,0.358306,15.068768],[2.5,12.06059,2.7,20.131842,0.395192,8.023704,18.400776,9.42907,16.485,0.446488,4.358306,5.068768],[2.857,8.08059,2.7,12.151842,9.415192,9.043704,8.420776,10.44907,13.948,8.466488,8.378306,6.088768],[3.844,10.39749,2.7,6.03996,15.81184,11.194506,5.588638,4.912242,4.661,11.52987,13.58796,9.73211],[6.314,10.50169,2.7,6.91495,7.56636,11.46971,5.360642,4.17721,10.54,11.102302,13.795146,9.558484]],"columnArrPercentsFree":[[3.3,6,1,19,2,3.5,13,15,21.7,4,1.5,10],[3.3,6,1,18,2,3.5,13,16,22.2,3.5,1.5,10],[3.3,6,1,18,2,3.5,13,16,22.2,3.5,1.5,10],[3.5,8,1,12,7,7,9,11,19.5,6,8,8],[3.5,8,1,12,8,7,9,11,17.5,8,8,7]]}

70% 20%
{"columnArrPercentsMain":[[2.5,2.06059,2.7,15.131842,4.095192,1.923704,9.400776,13.42907,22.485,9.546488,2.658306,14.068768],[2.5,12.06059,2.7,15.131842,2.695192,6.123704,17.400776,13.42907,17.485,2.346488,2.058306,6.068768],[2.857,8.08059,2.7,12.151842,9.415192,9.043704,8.420776,10.44907,13.948,8.466488,8.378306,6.088768],[3.844,10.39749,2.7,6.03996,15.81184,11.194506,5.588638,4.912242,4.661,11.52987,13.58796,9.73211],[6.314,10.50169,2.7,6.91495,7.56636,11.46971,5.360642,4.17721,10.54,11.102302,13.795146,9.558484]],"columnArrPercentsFree":[[3.3,6,1,19,2,3.5,13,15,21.7,4,1.5,10],[3.3,6,1,18,2,3.5,13,16,22.2,3.5,1.5,10],[3.3,6,1,18,2,3.5,13,16,22.2,3.5,1.5,10],[3.5,8,1,12,7,7,9,11,19.5,6,8,8],[3.5,8,1,12,8,7,9,11,17.5,8,8,7]]}

90%
{"columnArrPercentsMain":[[3.4,6.56059,2.7,15.131842,4.095192,5.923704,9.800776,13.42907,16.185,6.046488,3.658306,13.068768],[3.4,9.56059,2.7,13.131842,5.795192,5.123704,15.000776,12.42907,15.385,5.846488,3.558306,8.068768],[3.757,8.08059,2.7,12.151842,9.415192,9.043704,8.420776,10.44907,13.048,8.466488,8.378306,6.088768],[3.844,10.39749,2.7,6.03996,12.81184,11.194506,5.588638,4.912242,8.661,11.52987,12.58796,9.73211],[6.314,10.50169,2.7,6.91495,7.56636,11.46971,5.360642,4.17721,13.54,11.102302,10.795146,9.558484]]}
